-345.174652 -196.501358 -0.125020 -0.030404 113761.460938
-251.063385 -183.236115 9.407651 -25.664692 111.308212
-482.529419 -17.815954 13.336231 10.441266 173.409958
842.654358 59.936134 7.402007 -3.737064 159.099503
-589.475647 64.430908 8.141964 9.022715 191.520782
-928.635559 -58.618702 -0.618185 9.137870 170.696487
-683.691589 -171.431534 0.883362 9.784925 148.130722
-475.512054 -629.350464 -14.705771 -0.026580 194.170151
631.434631 -1237.962524 -6.228663 -1.998685 103.165443
388.121704 -1480.975220 -5.245918 -1.654669 185.938095
824.865601 371.129333 4.666161 -6.028260 173.760864
13609.865234 -11665.132812 7.391443 -7.306967 101.283791
-185.750656 662.328064 9.627289 -0.458435 112.451584
5200.023438 -9518.589844 1.832477 -5.275412 191.232452
-2089.786133 1418.211182 3.957244 4.051487 118.881142
416.110352 631.326599 3.009658 0.540306 192.330658
1187.142700 817.226318 3.112837 -5.852117 162.024399
1282.201416 1470.274902 2.005032 -4.358017 128.995697
-1098.005615 -3913.927979 -3.775990 0.892102 104.166557
1866.058960 400.501404 2.593528 -2.971909 160.375519
1485.559570 -582.226929 -1.399308 -5.938703 166.316452
-1945.376465 -92.548233 1.117621 6.866795 149.151031
234.081161 -12728.911133 -0.550099 -2.881849 123.266533
-3505.165771 -428.519379 -0.508232 4.124349 119.349258
1214.243286 728.792542 3.308941 -4.523213 172.973022
1913.683228 1523.353516 2.660731 -4.109062 170.565781
742.486206 -2970.788086 -4.017884 -2.883034 180.622543
4768.312012 6554.834961 2.456122 -0.108318 127.991821
-2153.027100 921.118591 3.895178 3.818715 197.010681
-2587.237793 1478.964233 3.628067 3.317104 136.456161
832.502136 681.524231 4.988305 -6.021753 111.608902
-20957.576172 14582.501953 -20.884598 16.305038 117.057335
4327.231934 454.856873 0.579876 -3.250414 164.109695
-4601.225098 -2160.022705 -2.334782 3.387914 126.175911
2394.527588 2480.320068 2.686346 -2.680995 162.355515
-1953.162354 -2775.728271 -4.460990 2.330402 164.169266
-11405.016602 -861.786682 -7.030393 0.687931 102.313652
-1956.001953 1497.218262 3.242166 4.943142 124.919418
4174.216309 585.548523 1.460936 -3.892314 126.156708
2378.444336 3031.003662 2.961571 -2.488276 109.190971
977.860657 -3693.513428 -3.615664 -2.147451 159.960312
277.572754 -13619.865234 -0.059065 -19.205935 152.225586
1112.776123 -4524.184082 -4.892394 -3.508609 187.270584
-3317.473877 -3656.725830 -3.240177 2.159723 177.546890
2608.900146 -1241.110840 -2.398928 -4.163623 114.286964
-175.589523 5028.737793 3.563303 0.552170 116.371933
2545.685303 2897.344971 3.945156 -2.464232 176.132477
-7555.247070 -2950.057129 -1.940219 1.867237 155.592972
-4058.430176 -3798.308105 -3.769583 2.165953 183.749146
1267.700928 -2253.790039 -4.174965 -2.992222 164.767548
3572.577148 -2596.711670 -1.875369 -3.770917 159.023682
2865.717529 -2954.780762 -1.666774 -0.516682 132.834000
-4581.868652 4007.124512 1.937933 2.729162 135.349548
3636.480957 2654.620605 2.479778 -3.183904 189.836853
-969.082703 -2074.414551 -0.968373 6.806739 115.645157
-5380.211914 -2333.093750 -0.497738 0.177537 185.747498
-3972.757080 -5385.623047 -2.327846 2.053107 170.709641
5011.167480 -2693.762939 -1.401991 -3.384382 151.154114
-7197.652832 1432.083984 -1.306051 4.027072 155.072769
2731.277588 4467.583984 3.098500 -2.002524 179.476257
-7729.216797 9206.827148 -0.781619 5.111131 160.820755
3300.068115 2677.055908 2.295511 -3.401185 110.715172
1498.654297 -4537.421387 -4.107200 -1.003778 146.216827
-606.447021 5311.189453 3.740562 -0.000015 131.435425
4703.551758 -4828.821777 -2.196239 -2.581042 192.546860
-4605.615723 -1871.810303 -0.927750 3.959267 191.906662
4442.023926 2026.269409 0.870975 -3.657945 193.684067
4257.395996 3723.910400 2.182730 -2.930840 100.192749
6003.217285 871.010010 0.315596 -3.380655 136.352112
-5503.396973 -1454.762939 -1.563737 7.596037 128.318878
-2941.420410 -6560.767090 -3.287036 1.091127 185.284012
4072.438965 5134.500488 2.608512 -2.142299 167.207840
10023.398438 520.804749 1.164773 -2.279170 126.315933
-4226.140137 -3367.055176 -2.096518 3.543150 149.878876
-6023.244629 33.252289 0.645753 3.607340 115.443581
-1707.863770 7660.390625 2.641916 0.227892 137.296982
-4162.832520 -5304.380859 -3.748671 1.989394 131.811035
-5344.465820 -2455.913086 -0.874088 4.133102 175.118210
6194.530762 3490.544678 1.487456 -2.825910 122.811478
-4977.993652 5691.639160 2.187772 2.253362 158.639984
-72508.109375 203071.515625 -17.763565 55.704895 147.371277
60893.585938 -179497.218750 18.964876 -49.572304 148.029037
-2309.944336 -7021.970215 -3.494011 1.262496 193.447266
-7149.937988 187.702423 0.808076 3.105948 118.975510
2747.896484 6476.629395 2.726263 -1.724955 114.450638
-1598.372437 -30957.363281 -3.710974 -9.636539 195.517792
-5384.151367 5668.650391 2.641874 1.681988 147.924469
7399.166992 -2877.488525 -1.432053 -2.401343 142.380310
5882.167969 -8117.541504 -1.814168 -1.721250 130.039429
7859.347656 2484.401611 0.662128 -2.881735 165.974564
6434.893066 4772.013184 1.460020 -2.670026 129.662003
13256.205078 13871.066406 0.890924 4.576940 181.922485
3132.759521 -6443.466309 -3.138916 -0.631777 133.471191
-3152.973877 7203.248047 2.785180 0.425757 130.524918
8556.486328 -1866.061646 -1.004808 -2.600098 104.519127
8723.969727 -1602.568970 -0.437892 -3.097790 148.000656
-4131.000977 8440.603516 2.367453 0.926481 152.876190
-6534.460938 5672.043945 2.375376 2.134279 112.829788
10457.068359 -9386.260742 1.722269 0.174660 128.054214
-6912.465820 -6346.885742 -1.495510 2.930486 134.901566
9366.237305 -1872.091064 -0.688919 -2.850920 161.690750
4873.558105 -7802.726562 -2.375070 -1.161807 193.705765
-6783.862305 -5872.764160 -1.124420 2.314087 198.154449
-7168.122070 -8606.621094 -1.615288 1.352516 101.352737
-11846.575195 -9608.399414 -6.242826 0.397046 153.179520
3043.717285 -9059.594727 -2.689973 -0.499504 169.078354
-8736.215820 9399.716797 1.289441 2.405249 186.346237
-4864.478516 7798.442383 2.701058 1.029873 136.794220
-6746.384766 -6534.400879 -1.910658 2.138551 195.540497
-9423.159180 -4146.886230 -0.820393 2.570975 185.396545
3384.158691 -10167.768555 -2.640249 -0.881139 165.002365
5109.976562 -7979.905273 -3.269732 -1.731295 181.729202
-279.109833 10420.493164 2.526931 -0.287290 183.606125
9955.222656 -3457.217529 -1.174598 -2.374110 164.080383
13380.154297 -33753.281250 2.487938 -6.589556 142.127502
9047.312500 -5963.651367 -1.654011 -2.123956 132.198090
-6304.661133 -8562.447266 -2.231718 1.992727 129.809967
-10875.868164 -3257.766846 -0.418411 2.326527 182.887589
-12765.290039 7174.982910 -2.966873 4.769459 133.811249
2940.624512 10936.167969 2.364999 -0.872806 112.620407
-5827.293945 9306.158203 2.194270 0.740529 185.289597
-8404.905273 7064.705078 2.090864 1.790042 181.480865
-11849.141602 4819.639160 0.661736 2.491818 183.116669
-12449.898438 536.506348 0.110662 2.782152 123.668198
10301.989258 6395.884766 1.100205 -2.046309 133.660400
-7609.193848 8634.284180 2.117638 1.207224 117.612389
-12320.483398 63.118824 -0.017368 2.651441 123.524811
12501.451172 1288.151123 0.320587 -2.443780 104.273872
-12194.267578 893.580688 0.477829 1.990245 172.689346
3902.179443 -11849.977539 -2.465858 -0.674183 156.825455
2078.289307 -12240.630859 -2.294509 -0.078148 191.583771
-11147.144531 -4535.810059 -0.396192 2.411342 138.655029
5148.079102 11779.227539 2.121445 -1.065797 191.745026
11293.459961 17655.951172 7.804293 5.793653 149.008163
8720.340820 10105.185547 1.752371 -1.575920 111.797218
8239.418945 10170.245117 1.669352 -1.505005 133.291702
-31543.869141 -8385.659180 -5.666504 -1.473864 182.569946
-11521.973633 -5810.528320 -0.849130 2.448303 145.978195
12603.456055 4381.230957 0.614654 -2.249497 160.310699
-7581.181641 -10973.799805 -1.682675 1.544014 121.107941
10556.130859 8197.055664 1.147971 -1.939637 113.766464
-9105.307617 9481.522461 2.013548 1.142518 103.288643
-29297.765625 -15964.493164 -4.195923 -2.532201 171.403671
4004.564697 -12582.428711 -2.374598 0.047573 101.717690
6170.036133 17830.101562 58.118797 -35.955425 158.311081
-6043.285156 12651.856445 2.037899 0.680206 183.311340
-11002.137695 8249.002930 1.707665 1.632303 108.916557
-14187.273438 -2096.402344 -0.179804 2.283310 164.936707
-9746.104492 9684.069336 2.043968 1.178231 134.259369
3716.741455 -13350.302734 -2.419365 -0.320457 150.695786
9646.833008 10677.199219 1.367401 -1.691523 126.866371
23835.537109 -3454.130127 2.656957 0.975883 148.060730
-14844.396484 817.285767 0.275768 2.221339 195.759705
-10474.958008 -10405.068359 -1.290291 1.741470 153.079987
51457.683594 -15620.272461 12.116252 -3.141614 143.689758
-13987.388672 4246.425781 1.026791 1.895036 101.249413
-6503.053711 -19725.572266 -6.997463 -2.056630 143.371353
-2554.864746 -15312.255859 -2.095187 0.418235 193.580368
5542.959473 14835.095703 1.814729 -1.209451 156.150360
-43409.261719 -2184.742188 -18.770355 1.650206 103.770653
-6112.594727 -14391.753906 -1.852994 1.372772 193.266708
-14881.726562 -3315.293213 -0.022949 2.459529 116.222290
12228.978516 9742.840820 1.083399 -1.779585 111.292450
-6212.915527 -14620.376953 -2.371058 0.674860 170.222198
-17710.078125 22532.771484 -9.255294 6.655757 142.019714
34118.781250 -56236.226562 5.099823 -12.972534 138.482193
15108.604492 -6308.180664 -0.874263 -1.944048 192.901367
-6918.874512 -14242.818359 -1.362557 1.208812 187.847137
53.899380 -16299.182617 -2.209886 0.181953 169.297729
-8718.815430 13865.254883 1.872988 0.891376 197.563843
5852.523926 15273.157227 2.112756 -0.618466 193.753418
-73078.273438 -26528.054688 -23.504860 -7.642921 171.632904
7142.564941 -14938.984375 -2.019013 -0.664241 134.490952
-9945.177734 -13625.405273 -1.313409 1.231652 153.731232
14090.451172 -9736.790039 -1.288583 -1.705864 131.071442
7027.748047 15351.658203 1.566031 -1.097861 124.822678
12709.431641 -10910.736328 -1.577892 -1.324039 118.296257
38059.625000 57790.980469 19.232887 29.336529 120.408745
-1601.103516 -17885.716797 -1.553696 -0.301330 196.096863
17356.962891 -2775.144287 -0.453473 -1.955472 179.619965
-4698.899414 -7479.516602 -12.845498 -15.541019 121.673843
-17337.396484 1098.433472 0.503794 1.739972 149.124863
16100.098633 -6994.040039 -1.088427 -1.700433 110.033737
16891.509766 9912.720703 1.532266 -1.539786 100.160187
-9752.530273 -14416.503906 -1.520632 1.605791 172.584198
-16310.493164 348.379059 -2.218885 7.387448 170.995529
-17291.052734 -894.699524 0.590348 1.669643 196.643570
-1814.711304 18514.640625 1.965685 0.192731 192.899689
-2523.742920 -18435.550781 -1.233314 -0.204730 153.344269
22016.085938 35910.148438 10.283020 14.598845 134.127640
-31176.675781 -23641.601562 -4.885035 -5.428672 139.020462
-11160.989258 -25063.703125 0.046451 -4.635439 161.289459
18662.714844 5364.997559 0.721893 -1.744227 117.156898
18943.699219 1522.526367 0.028705 -1.941976 117.915237
-5126.603027 18393.619141 1.838452 0.351197 133.786682
8096.552246 -17091.582031 -1.839867 -0.554501 106.790932
-5312.795410 11353.242188 5.055963 6.643767 175.410187
-18287.035156 6534.447754 0.768723 1.777371 132.545807
-8434.677734 17828.070312 1.879412 1.010372 166.044937
19397.662109 -817.749878 -0.292021 -1.898610 145.205307
14395.966797 -13161.083984 -1.419971 -1.233628 167.590759
-1597.661499 19332.816406 1.833432 -0.258694 126.954720
-1014.498413 -19662.285156 -1.886262 0.337175 194.930084
-2363.784180 24018.544922 -77.905350 62.458786 106.007782
-18226.046875 8096.433594 0.930353 1.528414 113.919060
-11849.926758 16380.294922 1.593243 0.992696 149.735367
2444.749756 19842.894531 1.686546 -0.643676 138.279373
19246.416016 5726.716797 0.238979 -1.948779 197.847336
-16140.415039 12649.473633 1.222722 1.327500 148.847992
17830.646484 9994.787109 0.686791 -1.720594 187.378220
11062.906250 17677.822266 1.466639 -1.000100 193.057983
12322.816406 -16670.394531 -1.533911 -0.908400 187.561111
-4777.427734 -20009.488281 -1.678283 0.741631 120.012489
2.638712 -20568.736328 -2.030657 0.291635 100.445824
-462.771515 57398.878906 -3.296487 12.231092 129.021317
-18664.058594 -10072.268555 -0.853144 1.773677 178.323166
4229.638184 -20613.042969 -1.828940 -0.106715 119.346893
-7972.000977 19714.132812 1.658714 0.418289 148.736069
-21383.306641 372.500977 0.212466 1.761210 159.390411
30470.480469 -34770.277344 6.480237 -17.472788 104.654144
-20493.363281 6435.650391 0.780546 1.633010 118.654930
20963.765625 4930.505371 0.128331 -1.778803 140.413223
-19562.894531 -9388.608398 -0.503813 1.633212 131.218506
11048.462891 18314.916016 1.380292 -1.433398 108.227646
17443.572266 -13146.730469 -1.283549 -1.302463 189.355911
14845.655273 16010.142578 1.024822 -1.344114 108.389961
-1078.263184 -21791.486328 -1.737464 0.471197 172.120743
-11317.325195 19167.060547 1.573651 0.644077 155.958420
-19356.302734 11588.483398 1.015160 1.513257 192.448822
-15353.310547 16670.757812 1.392497 1.157839 147.636887
-469.940765 22525.224609 1.943357 -0.045940 166.727905
22540.906250 2089.544189 -0.058481 -1.759483 117.312637
22569.865234 -3702.202148 -0.396975 -1.825503 126.345818
21275.296875 -8402.329102 -0.813588 -1.520068 188.757507
7596.295410 21975.128906 1.686220 -0.945444 110.555496
2355.142822 22888.994141 1.715135 -0.408096 105.658836
-22476.269531 5011.387695 0.634697 1.669907 123.802910
8984.402344 21436.642578 1.386739 -0.814875 103.267075
-23116.519531 188.151413 0.347228 1.686195 141.898666
14572.373047 -18232.833984 -1.514972 -0.895322 188.545685
-19477.095703 13081.915039 1.129660 1.168600 130.586334
-14474.208008 18625.892578 1.480059 0.831074 161.078598
-17659.089844 -15898.900391 -1.020072 1.422005 167.583588
23177.716797 -5602.856445 -0.627928 -1.589472 170.113815
7516.790527 22650.769531 1.538882 -0.573462 169.115067
-23695.087891 -3433.594727 0.013931 1.685799 193.608688
-22074.929688 -9841.118164 -0.501054 1.594766 121.917831
11610.006836 21144.162109 1.314314 -1.031576 173.389389
-12028.000977 -41340.597656 -2.953556 -5.264065 196.759430
568.182922 1659.498047 9.885091 4.991907 151.418365
-16822.687500 17617.457031 1.471891 0.993256 142.020340
5290.860840 24068.468750 1.667593 -0.581674 187.220276
-11053.137695 22008.341797 1.712496 0.694377 127.431404
-10684.703125 22423.875000 1.482686 0.365723 193.872208
-21743.533203 11966.605469 1.076190 1.382353 194.770370
-22126.492188 -11551.935547 -0.618129 1.692683 119.481766
