0.010024 -0.001435 0.009318 -0.001927 113761.460938
107.643127 28.453169 6.419349 -24.035160 111.308212
7.189094 -191.091156 -18.900509 -0.720977 173.409958
-19.941301 301.449829 15.002940 0.988936 159.099503
-65.610168 -392.667542 -12.926195 2.153451 191.520782
-183.064072 -453.093689 -10.952579 4.429238 170.696487
-307.760040 -510.557129 -9.149520 5.530128 148.130722
-14.104815 -691.316345 -9.936069 0.208247 194.170151
-752.857605 -288.116333 -3.287066 8.593706 103.165443
840.280579 310.156403 3.022460 -8.190358 185.938095
452.814209 -884.951416 -7.378994 -3.773056 173.760864
-79.285255 -1094.598511 -7.865341 0.573028 101.283791
1148.925293 -308.009277 -1.960496 -7.315703 112.451584
-1277.148804 -278.796478 -1.539925 7.060142 191.232452
1385.766602 -229.732819 -1.142946 -6.877254 118.881142
1215.269165 872.246582 3.938562 -5.489035 192.330658
-1585.769043 280.193054 1.133077 6.410861 162.024399
-642.312134 -1583.253662 -5.856068 2.377157 128.995697
-1416.998169 1125.403198 3.819705 4.809257 104.166557
1.752999 -1905.314575 -5.985468 -0.004310 160.375519
1885.546509 659.165466 1.928640 -5.519004 166.316452
-2059.223145 400.607849 1.090713 5.598797 149.151031
-1609.197632 -1502.456055 -3.799294 4.070475 123.266533
-1474.927979 1763.433594 4.178212 3.495075 119.349258
2390.207520 262.711182 0.582865 -5.296199 172.973022
-1830.393799 1706.212158 3.562669 3.820287 170.565781
400.282318 2559.799561 5.070935 -0.793410 180.622543
2692.220459 199.526321 0.369255 -5.014079 127.991821
1339.452515 -2459.809814 -4.335632 -2.360619 197.010681
-2886.253906 -125.216919 -0.210003 4.856204 136.456161
2651.851562 -1421.601074 -2.250731 -4.198527 111.608902
-1815.059692 2505.190430 3.803201 2.754982 117.057335
2610.978516 -1851.098022 -2.671166 -3.766402 164.109695
-2214.112061 2455.594971 3.375768 3.042055 126.175911
3370.354980 434.800812 0.573001 -4.445041 162.355515
-2862.454590 -1995.660156 -2.529167 3.628357 164.169266
982.406433 -3477.541992 -4.181296 -1.181348 102.313652
-715.690674 3622.009521 4.218372 0.833324 124.919418
1382.690186 -3530.006104 -3.951484 -1.547362 126.156708
3643.570801 -1396.648071 -1.497508 -3.905178 109.190971
-316.755249 -3993.019531 -4.114913 0.326853 159.960312
4060.767334 638.643066 0.632749 -4.025435 152.225586
-4038.329102 -1153.765869 -1.107147 3.876318 187.270584
-207.197372 4302.781250 3.976188 0.191400 177.546890
-1348.526855 -4184.549316 -3.749989 1.208961 114.286964
2611.815674 -3646.936279 -3.171672 -2.271324 116.371933
1520.179077 -4327.157715 -3.638703 -1.278532 176.132477
4554.328613 1136.102051 0.922631 -3.700506 155.592972
191.190033 4797.933105 3.766952 -0.150753 183.749146
1885.137085 -4527.731445 -3.444983 -1.432886 164.767548
-4992.251465 48.450256 0.036149 3.697277 159.023682
-3120.895020 4043.916748 2.893632 2.233336 132.834000
3099.429199 -4180.747070 -2.909767 -2.156426 135.349548
-4069.347412 -3391.898682 -2.298227 2.757529 189.836853
5396.488281 -241.416687 -0.159118 -3.550813 115.645157
5473.307129 606.402283 0.387274 -3.499425 185.747498
5141.112793 2219.210693 1.383469 -3.205881 170.709641
-3657.973389 4353.551270 2.653038 2.228464 151.154114
5075.155762 -2831.188232 -1.669687 -2.992747 155.072769
-5352.154785 -2484.896484 -1.431914 3.084736 179.476257
2503.534668 -5440.162598 -3.067055 -1.410859 160.820755
-5136.580078 -3287.303467 -1.803120 2.818281 110.715172
571.112915 6182.710449 3.301867 -0.305200 146.216827
-3539.620117 -5218.861816 -2.722793 1.846981 131.435425
1269.962402 6283.626953 3.197901 -0.646713 192.546860
6114.834961 -2223.073730 -1.106633 -3.043959 191.906662
-6016.442871 2707.569092 1.320008 2.932881 193.684067
-6640.161133 985.948120 0.468495 3.154210 100.192749
-4266.484375 5294.343262 2.467150 1.987820 136.352112
5219.660156 -4502.563477 -2.055467 -2.382689 128.318878
7005.845703 283.310699 0.125773 -3.117595 185.284012
-6817.295410 2035.843750 0.886603 2.967790 167.207840
-226.879532 7195.074707 3.077856 0.096728 126.315933
7006.708008 -2077.041992 -0.868846 -2.930479 149.878876
2731.901367 -6883.550781 -2.821817 -1.119604 115.443581
-7420.568359 -1111.969238 -0.447865 2.982959 137.296982
7135.049805 -2621.870361 -1.034009 -2.811902 131.811035
5480.754883 -5410.699707 -2.091656 -2.118245 175.118210
-4943.804688 6049.276367 2.288961 1.870170 122.811478
-5164.899414 -5965.854004 -2.223490 1.925243 158.639984
-7908.834473 -1111.571533 -0.406687 2.896129 147.371277
-8070.213379 -768.575806 -0.274317 2.887364 148.029037
8068.478516 -1542.631226 -0.541704 -2.831338 193.447266
-549.397644 -8281.381836 -2.861439 0.189986 118.975510
-7702.213379 3362.564453 1.140481 2.611615 114.450638
8092.471191 2552.276611 0.853497 -2.705003 195.517792
-6981.048340 -5013.801270 -1.643831 2.289030 147.924469
5014.790039 7093.967285 2.288785 -1.617805 142.380310
7996.016113 3661.148682 1.159794 -2.533483 130.039429
-986.688660 8857.136719 2.750520 0.306176 165.974564
-3824.760498 8142.583984 2.493230 1.170920 129.662003
8758.809570 2507.036133 0.752650 -2.631839 181.922485
9024.541992 1831.820679 0.541263 -2.667842 133.471191
-9255.339844 -1046.086792 -0.303878 2.690109 130.524918
5089.479492 7889.431641 2.265441 -1.461571 104.519127
4439.300293 8384.553711 2.371120 -1.255155 148.000656
-9598.394531 -249.471619 -0.069076 2.665000 152.876190
-8296.274414 -5053.761719 -1.378854 2.263863 112.829788
7850.744629 -5854.556641 -1.577949 -2.116429 128.054214
2799.774170 -9509.573242 -2.516679 -0.741345 134.901566
4972.426758 8666.960938 2.266603 -1.301242 161.690750
10017.254883 1181.000000 0.304420 -2.583415 193.705765
3408.984619 -9609.939453 -2.438918 -0.864953 198.154449
1930.863159 -10123.337891 -2.527349 -0.482162 101.352737
8426.157227 -6108.140625 -1.503531 -2.073261 153.179520
10367.992188 -1605.656006 -0.390551 -2.520730 169.078354
-10414.144531 -2015.845703 -0.481941 2.490579 186.346237
-10694.542969 -598.906250 -0.140803 2.520275 136.794220
2526.572510 -10489.731445 -2.445260 -0.588462 195.540497
-1620.522827 -10779.053711 -2.474569 0.372162 185.396545
10666.301758 -2642.217529 -0.599504 -2.419008 165.002365
11028.864258 1131.991821 0.252861 -2.468290 181.729202
-9261.380859 6273.676270 1.385473 2.045060 183.606125
9139.348633 6622.764160 1.442878 -1.991443 164.080383
6050.789551 -9664.756836 -2.073155 -1.298784 142.127502
10711.904297 4165.557617 0.883032 -2.271416 132.198090
4063.418457 -10853.525391 -2.272977 -0.850609 129.809967
-4731.454590 -10700.925781 -2.209058 0.976741 182.887589
6376.528809 -9927.476562 -2.024548 -1.299136 133.811249
-6829.819824 9738.282227 1.961324 1.375402 112.620407
-11807.031250 2220.736084 0.440691 2.342363 185.289597
-11885.925781 -2311.375732 -0.452950 2.330594 181.480865
-10966.655273 -5353.681152 -1.037655 2.125266 183.116669
-8554.157227 -8828.443359 -1.692227 1.639405 123.668198
2723.250732 12102.932617 2.288440 -0.514965 133.660400
-12471.217773 590.246704 0.110719 2.335538 117.612389
-8405.391602 -9378.771484 -1.733814 1.554299 123.524811
7890.431152 9937.385742 1.816257 -1.442296 104.273872
-9983.463867 -8009.260254 -1.445034 1.801348 172.689346
11535.300781 -5781.190430 -1.030616 -2.056218 156.825455
10256.395508 -7985.462891 -1.407788 -1.808022 191.583771
-5518.854980 -11872.978516 -2.070368 0.962519 138.655029
-4305.602539 12465.234375 2.150402 0.742674 191.745026
-12181.787109 -5325.482422 -0.908033 2.076306 149.008163
14.969440 13405.080078 2.255967 -0.002493 111.797218
-498.133209 13501.181641 2.246673 0.082705 133.291702
-12637.510742 -4991.144531 -0.822701 2.084108 182.569946
-4812.599609 -12814.817383 -2.090507 0.785304 145.978195
7087.583496 11853.118164 1.908006 -1.141023 160.310699
983.192749 -13862.739258 -2.210576 -0.156708 121.107941
3328.102539 13593.557617 2.145027 -0.525289 113.766464
-13955.709961 2057.958008 0.320777 2.176159 103.288643
-12741.443359 -6278.047363 -0.969242 1.964360 171.403671
11847.713867 -7987.690918 -1.221958 -1.812238 101.717690
-12813.167969 -6554.679199 -0.990986 1.941326 158.311081
-12750.368164 6909.937012 1.033724 1.907341 183.311340
-14596.236328 -164.037521 -0.024105 2.162288 108.916557
-10380.231445 -10424.155273 -1.526339 1.520017 164.936707
-14629.917969 2230.981201 0.324166 2.122938 134.259369
11746.557617 -9175.430664 -1.317390 -1.686222 150.695786
1937.849731 14883.888672 2.114656 -0.275451 126.866371
14376.054688 -4653.606445 -0.653948 -2.022393 148.060730
-12888.637695 -8061.090332 -1.123520 1.796707 195.759705
-3096.813721 -14985.797852 -2.068277 0.427498 153.079987
14999.897461 -3442.812012 -0.470991 -2.053048 143.689758
-14929.161133 -4222.887695 -0.570686 2.018233 101.249413
14792.078125 -4916.039062 -0.660617 -1.985376 143.371353
6151.944824 -14452.183594 -1.918098 -0.816433 193.580368
-3199.132568 15459.815430 2.036243 0.421344 156.150360
15436.338867 -3822.406738 -0.498574 -2.010876 103.770653
2837.775391 -15757.124023 -2.032487 -0.366188 193.266708
-11148.257812 -11608.899414 -1.485304 1.426609 116.222290
5746.452148 15139.892578 1.919386 -0.728616 111.292450
2345.745361 -16140.116211 -2.024043 -0.293767 170.222198
15125.083008 -6321.050781 -0.787107 -1.884354 142.019714
15104.513672 -6624.077148 -0.817047 -1.861061 138.482193
16460.791016 2192.576904 0.267595 -2.009668 192.901367
677.717407 -16690.494141 -2.019669 -0.081855 187.847137
8526.412109 -14465.179688 -1.737019 -1.023752 169.297729
-14817.458008 8111.124512 0.965302 1.763221 197.563843
-2587.549072 16792.013672 1.980985 0.305101 193.753418
-13257.645508 -10792.429688 -1.261665 1.549760 171.632904
13962.646484 -10041.502930 -1.163237 -1.617268 134.490952
-2829.457520 -17056.445312 -1.960072 0.325206 153.731232
17309.583984 -1792.399902 -0.204141 -1.970002 131.071442
-694.684143 17499.900391 1.972580 0.078182 124.822678
17112.921875 -4161.068848 -0.465378 -1.912936 118.296257
-14052.876953 -10774.357422 -1.194261 1.558167 120.408745
6279.798340 -16654.066406 -1.832420 -0.690851 196.096863
17060.849609 5409.652344 0.590191 -1.861544 179.619965
3089.312500 17728.951172 1.918609 -0.334215 121.673843
-16885.244141 -6484.518555 -0.696278 1.813378 149.124863
18177.474609 862.458008 0.091635 -1.934534 110.033737
9948.758789 15376.167969 1.620829 -1.048770 100.160187
-2346.677979 -18243.062500 -1.910656 0.246013 172.584198
-7260.878906 -17016.464844 -1.766840 0.753894 170.995529
-16783.683594 -8031.365723 -0.826596 1.727773 196.643570
-9504.035156 16119.194336 1.645223 0.970005 192.899689
4812.002930 -18185.382812 -1.841445 -0.487132 153.344269
3108.768066 18647.789062 1.874266 -0.312675 134.127640
-15836.954102 -10518.257812 -1.048449 1.578067 139.020462
-8198.372070 -17246.990234 -1.707255 0.811816 161.289459
14740.216797 12302.143555 1.208215 -1.447591 117.156898
16967.912109 9195.572266 0.896002 -1.653456 117.915237
-12167.022461 15099.102539 1.460889 1.177192 133.786682
14633.367188 -12907.473633 -1.237250 -1.402560 106.790932
-16196.199219 -11058.669922 -1.051655 1.541122 175.410187
-19672.656250 -1202.708496 -0.113486 1.857507 132.545807
-14855.078125 13083.723633 1.227319 1.393483 166.044937
18654.011719 6947.044922 0.646151 -1.735369 145.205307
18785.302734 -6826.812988 -0.631300 -1.736799 167.590759
-9051.179688 17953.158203 1.645272 0.829349 126.954720
6714.192871 -19063.023438 -1.733385 -0.610401 194.930084
-4497.579590 19781.390625 1.788537 0.406595 106.007782
-20375.146484 930.077087 0.083504 1.827401 113.919060
-17307.449219 10983.494141 0.977804 1.540727 149.735367
-5584.840820 19819.195312 1.752544 0.493742 138.279373
16239.655273 12837.312500 1.126009 -1.424581 197.847336
-19866.904297 6128.236328 0.534111 1.731404 148.847992
13333.991211 16099.348633 1.391622 -1.152660 187.378220
4264.463867 20556.783203 1.765505 -0.366285 193.057983
17642.404297 -11578.538086 -0.986865 -1.503551 187.561111
2614.118652 -21039.240234 -1.780594 -0.221108 120.012489
7947.085449 -19764.957031 -1.660952 -0.667614 100.445824
7853.232910 19914.468750 1.661238 -0.654648 129.021317
-14013.427734 -16294.973633 -1.351200 1.162073 178.323166
11336.964844 -18389.677734 -1.513152 -0.932721 119.346893
-14320.861328 16307.125977 1.332535 1.170179 148.736069
-20653.419922 -6937.396484 -0.563511 1.677868 159.390411
7965.993164 20414.439453 1.644018 -0.642195 104.654144
-21998.072266 -769.559143 -0.061452 1.759864 118.654930
18646.816406 11876.504883 0.943845 -1.482074 140.413223
-15827.929688 -15586.206055 -1.229864 1.249038 131.218506
4477.688965 21860.060547 1.713366 -0.351149 108.227646
21319.441406 -6849.218262 -0.534143 -1.662212 189.355911
9404.538086 20425.009766 1.582412 -0.728759 108.389961
6195.778320 -21725.759766 -1.671561 -0.476536 172.120743
-17135.439453 14898.500977 1.137619 1.308370 155.958420
-22282.574219 4803.251465 0.364713 1.691624 192.448822
-20075.451172 11008.773438 0.830254 1.513949 147.636887
-7756.649414 21654.044922 1.621788 0.580832 166.727905
21212.910156 9178.590820 0.682330 -1.577181 117.312637
22901.238281 3666.417236 0.271116 -1.693988 126.345818
23244.527344 -1537.607666 -0.113080 -1.707991 188.757507
765.792114 23379.599609 1.707269 -0.055828 110.555496
-4825.811035 22993.710938 1.668142 0.349993 105.658836
-23489.400391 -2135.800049 -0.153909 1.694191 123.802910
2444.193359 23576.726562 1.687855 -0.175087 103.267075
-22801.226562 -6825.197266 -0.485481 1.622340 141.898666
19800.167969 -13358.582031 -0.945545 -1.401312 188.545685
-22910.310547 7166.828125 0.503497 1.609278 130.586334
-19672.142578 13939.661133 0.972858 1.372793 161.078598
-12436.966797 -20745.902344 -1.440769 0.863814 167.583588
24276.380859 1367.381714 0.094115 -1.672832 170.113815
464.747650 24383.595703 1.672682 -0.032089 169.115067
-22234.642578 -10264.860352 -0.699675 1.515793 193.608688
-18748.328125 -15921.851562 -1.078249 1.269744 121.917831
5375.750000 24105.697266 1.622527 -0.361971 173.389389
-1227.356812 -24780.039062 -1.656089 0.082037 196.759430
-656.801636 -24898.320312 -1.655530 0.043889 151.418365
-21659.238281 12457.335938 0.824158 1.432714 142.020340
-1748.641479 25043.501953 1.644961 0.114741 187.220276
-17083.007812 18518.794922 1.210102 1.116254 127.431404
-16567.144531 19102.363281 1.241070 1.076240 193.872208
-24771.117188 5646.509277 0.364416 1.598093 194.770370
-18425.160156 -17635.138672 -1.131120 1.181925 119.481766
